,City,lat,lon,Max Temp,Cloudiness,Humidity,Wind speed,Country
0,Menzel Salem,35.86,8.48,77.0,40,33,11.41,TN
1,Kapaa,22.08,-159.32,77.0,75,83,4.7,US
2,Airai,-8.93,125.41,61.25,58,96,3.33,TL
3,Ushuaia,-54.8,-68.3,51.8,40,73,5.82,AR
4,Souillac,-20.52,57.52,75.2,40,88,8.05,MU
5,Sabang,5.89,95.32,81.5,97,80,20.04,ID
6,George Town,5.41,100.34,82.4,20,83,4.7,MY
7,Itarema,-2.92,-39.92,87.62,52,52,13.62,BR
8,Arraial do Cabo,-22.97,-42.03,75.2,75,53,6.93,BR
9,Chui,-33.7,-53.46,63.97,39,58,12.88,UY
10,Avarua,-21.21,-159.78,71.6,96,94,6.93,CK
11,Mataura,-46.19,168.86,53.01,69,92,11.99,NZ
12,Sovetskiy,61.36,63.58,46.22,84,91,7.47,RU
13,Albany,42.6,-73.97,52.0,22,57,8.34,US
14,Coyhaique,-45.58,-72.07,48.2,75,62,11.41,CL
15,Lüderitz,-26.65,15.16,72.66,10,31,22.35,NA
16,Matara,5.95,80.54,79.21,100,84,13.8,LK
17,Seoul,37.57,126.98,59.0,1,87,2.19,KR
18,Poronaysk,49.22,143.12,51.24,100,85,13.27,RU
19,Bilma,18.69,12.92,99.07,0,9,5.28,NE
20,Agidel,55.91,53.94,48.54,0,52,7.81,RU
21,Hobart,-42.88,147.33,46.4,12,93,8.05,AU
22,Saint-Philippe,-21.36,55.77,77.0,37,78,9.17,RE
23,Kearney,40.7,-99.08,64.4,1,93,20.8,US
24,Provincia di Verona,45.42,11.03,53.6,75,87,3.36,IT
25,Lake Shasta,40.68,-122.37,57.2,1,47,9.17,US
26,Ilulissat,69.22,-51.1,41.0,5,65,16.11,GL
27,Bethel,41.37,-73.41,60.01,1,72,6.93,US
28,Saint Anthony,45.02,-93.22,51.01,1,76,12.75,US
29,Broken Hill,-31.95,141.43,62.6,0,45,4.7,AU
30,Butaritari,3.07,172.79,81.18,4,75,13.02,KI
31,Bredasdorp,-34.53,20.04,64.4,54,48,20.8,ZA
32,Luebo,-5.35,21.42,89.06,95,47,1.97,CD
33,Longyearbyen,78.22,15.64,24.8,75,68,3.36,SJ
34,East London,-33.02,27.91,60.8,75,59,6.93,ZA
35,Port Alfred,-33.59,26.89,60.13,78,59,10.76,ZA
36,Fortuna,40.6,-124.16,50.0,90,100,6.93,US
37,Tommot,58.96,126.29,25.99,99,87,4.52,RU
38,Richards Bay,-28.78,32.04,63.5,100,67,12.33,ZA
39,Port Elizabeth,-33.92,25.57,60.8,40,63,10.29,ZA
40,Rikitea,-23.12,-134.97,72.95,0,80,13.62,PF
41,Los Llanos de Aridane,28.66,-17.92,77.0,75,69,12.75,ES
42,Lagoa,39.05,-27.98,69.1,10,80,17.22,PT
43,Hilo,19.73,-155.09,69.8,1,73,8.05,US
44,Vanavara,60.34,102.28,23.97,71,93,7.92,RU
45,Novaya Igirma,57.13,103.91,26.46,92,98,5.64,RU
46,Bluff,-46.6,168.33,53.01,94,92,11.99,NZ
47,North Bend,43.41,-124.22,55.99,1,100,9.17,US
48,Strelka,58.07,93.03,24.13,3,95,1.88,RU
49,Brownsville,25.9,-97.5,79.0,1,88,6.93,US
50,Copiapó,-27.37,-70.33,55.4,90,76,9.17,CL
51,Noumea,-22.28,166.46,77.0,76,94,7.99,NC
52,Punalūr,9.0,76.93,82.4,75,88,3.36,IN
53,Tura,25.52,90.22,75.54,95,91,1.45,IN
54,Soyo,-6.13,12.37,82.4,40,69,9.17,AO
55,Ponta do Sol,32.67,-17.1,73.99,40,64,17.22,PT
56,Videira,-27.01,-51.15,75.06,0,42,3.44,BR
57,Muros,42.78,-9.06,66.0,0,54,5.99,ES
58,Ilovlya,49.3,43.98,64.4,100,22,17.9,RU
59,Sayyan,15.17,44.32,67.15,18,26,15.9,YE
60,Provideniya,64.38,-173.3,34.21,100,89,8.97,RU
61,Jamestown,42.1,-79.24,52.0,1,87,9.17,US
62,Kuusamo,65.97,29.18,46.4,90,93,3.36,FI
63,Vaini,-21.2,-175.2,75.2,20,78,9.17,TO
64,Srednekolymsk,67.45,153.68,23.79,16,86,3.44,RU
65,Kirakira,-10.45,161.92,79.93,41,84,10.47,SB
66,Cidreira,-30.18,-50.21,66.04,0,62,18.9,BR
67,Arrifes,37.77,-25.7,69.8,40,68,8.05,PT
68,Galveston,29.37,-94.97,81.0,20,88,6.93,US
69,Puerto Limón,10.0,-83.03,75.2,80,100,5.82,CR
70,Hofn,64.25,-15.21,44.6,90,93,12.75,IS
71,Valparaíso,-33.04,-71.63,66.2,0,45,4.7,CL
72,Cape Town,-33.93,18.42,71.6,100,24,10.29,ZA
73,Puerto Ayora,-0.74,-90.35,68.0,99,97,4.0,EC
74,Mar del Plata,-38.0,-57.56,53.6,90,93,12.75,AR
75,Tasiilaq,65.61,-37.64,39.2,75,80,23.04,GL
76,Lebu,-37.62,-73.65,54.75,0,58,18.77,CL
77,Burgeo,47.62,-57.62,53.51,100,91,28.41,CA
78,Ambon City,-3.7,128.18,79.0,96,14,9.62,ID
79,Vikhorevka,56.12,101.16,24.8,75,85,13.42,RU
80,San Cristobal,7.77,-72.22,84.2,20,51,13.87,VE
81,Khatanga,71.97,102.5,21.11,100,98,12.15,RU
82,Río Gallegos,-51.62,-69.22,55.4,75,37,17.22,AR
83,New Norfolk,-42.78,147.06,45.0,19,79,2.55,AU
84,Barrow,71.29,-156.79,24.8,90,68,19.46,US
85,Sibolga,1.74,98.78,78.94,100,80,2.82,ID
86,Vestmannaeyjar,63.44,-20.27,44.6,90,93,14.99,IS
87,Severo-Kuril'sk,50.68,156.12,43.66,2,72,8.1,RU
88,Burē,10.7,37.07,64.71,69,87,1.5,ET
89,Hithadhoo,-0.6,73.08,82.49,100,79,12.62,MV
90,Mahrīz,31.59,54.43,69.8,0,9,6.93,IR
91,Mitsamiouli,-11.38,43.28,86.0,40,62,13.87,KM
92,Fuxin,42.02,121.66,47.61,50,46,5.12,CN
93,Thompson,55.74,-97.86,35.6,75,93,6.93,CA
94,Buchanan,5.88,-10.05,78.8,75,88,11.14,LR
95,Morón,-34.65,-58.62,66.99,5,63,5.01,AR
96,Iqaluit,63.75,-68.51,35.6,20,80,14.99,CA
97,Tuktoyaktuk,69.45,-133.04,28.4,90,79,19.46,CA
98,Saldanha,-33.01,17.94,69.8,96,28,16.11,ZA
99,Narsaq,60.92,-46.05,39.2,75,86,5.75,GL
100,Benjamin Constant,-4.38,-70.03,84.2,71,74,3.36,BR
101,Chokurdakh,70.63,147.92,16.99,15,95,3.09,RU
102,Saskylakh,71.92,114.08,15.42,91,95,7.56,RU
103,Linhai,28.85,121.12,62.85,11,87,0.18,CN
104,Salamanca,40.83,-6.0,62.01,10,43,7.0,ES
105,Tessalit,20.2,1.01,93.69,90,18,10.94,ML
106,Vilhena,-12.74,-60.15,87.44,99,46,5.19,BR
107,Borås,57.72,12.94,50.0,75,87,8.05,SE
108,Krasnosel'kup,65.7,82.47,23.5,100,97,14.58,RU
109,Hasaki,35.73,140.83,68.0,75,100,14.99,JP
110,Yellowknife,62.46,-114.35,35.01,90,100,9.17,CA
111,Mareeba,-17.0,145.43,75.2,90,78,5.82,AU
112,Hergla,36.03,10.51,79.0,20,53,10.29,TN
113,Atuona,-9.8,-139.03,78.08,3,74,24.16,PF
114,Busselton,-33.65,115.33,55.0,0,63,8.41,AU
115,Ulaanbaatar,47.91,106.88,21.2,12,62,6.71,MN
116,Tezu,27.92,96.17,76.95,0,76,3.31,IN
117,Caravelas,-17.71,-39.25,73.49,100,87,11.23,BR
118,Izazi,-7.2,35.73,95.72,44,20,12.55,TZ
119,Kiunga,-6.12,141.29,75.4,96,92,3.06,PG
120,Acaraú,-2.89,-40.12,88.11,21,50,14.52,BR
121,Tuatapere,-46.13,167.68,53.01,94,92,11.99,NZ
122,Tiksi,71.69,128.87,12.16,53,94,9.17,RU
123,Dickinson,29.46,-95.05,79.0,90,88,5.03,US
124,Saint Paul Harbor,57.79,-152.41,32.0,1,76,5.82,US
125,La Gomera,14.08,-91.05,75.2,75,94,2.37,GT
126,Bengkulu,-3.8,102.27,75.47,100,91,3.44,ID
127,Maningrida,-12.07,134.27,79.56,21,71,9.01,AU
128,Mortka,59.33,66.02,45.45,93,92,6.31,RU
129,Oodweyne,9.41,45.06,84.97,0,23,13.31,SO
130,Ponta Delgada,37.73,-25.67,69.8,40,68,8.05,PT
131,Punta Arenas,-53.15,-70.92,50.0,58,66,29.97,CL
132,São Filipe,14.9,-24.5,80.94,4,73,9.06,CV
133,Katsuura,35.13,140.3,69.8,75,83,11.41,JP
134,Armidale,-30.52,151.65,45.0,9,84,6.38,AU
135,Russell,32.35,-85.2,75.2,90,83,4.7,US
136,Posadas,-27.37,-55.9,78.8,0,44,5.82,AR
137,Vao,-22.67,167.48,73.26,91,89,11.95,NC
138,Kidal,18.44,1.41,98.56,93,15,2.19,ML
139,Lázaro Cárdenas,17.96,-102.2,79.43,100,83,4.97,MX
140,Mahébourg,-20.41,57.7,75.2,40,88,8.05,MU
141,Fethiye,36.62,29.12,78.8,20,54,8.05,TR
142,Mount Isa,-20.73,139.5,77.0,3,10,9.17,AU
143,Sisimiut,66.94,-53.67,39.36,79,83,6.98,GL
144,Powell River,49.85,-124.54,46.99,75,93,4.7,CA
145,Campoverde,-8.48,-74.81,92.32,0,42,2.82,PE
146,Cherskiy,68.75,161.3,18.84,23,94,8.25,RU
147,Karpathos,35.51,27.21,78.8,0,50,13.87,GR
148,Dingle,11.0,122.67,75.96,100,91,2.39,PH
149,Trincomalee,8.57,81.23,82.74,22,71,14.23,LK
150,Businga,3.33,20.88,73.33,100,93,4.16,CD
151,Atasū,48.68,71.64,49.75,96,50,6.64,KZ
152,Xining,36.62,101.77,40.51,46,68,3.89,CN
153,Mersing,2.43,103.84,80.6,100,83,3.36,MY
154,Cabo San Lucas,22.89,-109.91,78.01,5,83,3.36,MX
155,Flinders,-34.58,150.86,62.01,94,82,1.01,AU
156,Qian’an,44.99,124.06,42.62,0,58,11.1,CN
157,Tornio,65.85,24.15,48.2,100,100,3.36,FI
158,Oriximiná,-1.77,-55.87,95.47,95,37,2.71,BR
159,Carutapera,-1.2,-46.02,87.22,64,59,7.27,BR
160,Batagay,67.63,134.63,22.37,100,93,2.75,RU
161,Luena,-11.78,19.92,86.0,40,51,2.35,AO
162,Lyskovo,56.03,45.04,49.96,100,51,8.88,RU
163,Los Zacatones,22.95,-102.05,41.0,5,60,5.82,MX
164,Tazovsky,67.47,78.7,31.89,100,98,19.24,RU
165,Menongue,-14.66,17.69,100.08,0,8,2.86,AO
166,Priargunsk,50.37,119.1,31.1,20,87,11.1,RU
167,Dolores,-36.31,-57.68,60.26,95,75,9.82,AR
168,Paso de Carrasco,-34.86,-56.05,60.8,40,67,14.99,UY
169,Carnarvon,-24.87,113.63,68.0,0,77,17.22,AU
170,Alofi,-19.06,-169.92,71.6,48,100,13.87,NU
171,Deputatsky,69.3,139.9,14.05,100,95,2.1,RU
172,Tsimmerbude,54.67,20.13,55.4,20,62,6.71,RU
173,Oktyabr'skoye,43.06,44.74,69.8,2,49,6.71,RU
174,Turukhansk,65.82,87.98,21.09,100,97,10.4,RU
175,Nelson Bay,-32.72,152.15,57.2,0,71,6.02,AU
176,Roald,62.58,6.13,50.0,75,81,14.99,NO
177,Padang,-0.95,100.35,80.01,100,75,1.88,ID
178,Novolabinskaya,45.11,39.89,75.2,20,53,4.47,RU
179,Talnakh,69.49,88.4,23.0,75,92,26.84,RU
180,Husavik,66.04,-17.34,48.2,75,70,11.41,IS
181,Torbay,47.67,-52.73,66.0,75,72,35.57,CA
182,Juegang,32.32,121.19,64.18,0,73,6.62,CN
183,Tikrit,34.61,43.68,87.39,0,12,6.02,IQ
184,Marawi,8.0,124.29,77.0,100,88,8.01,PH
185,Shenzhen,22.55,114.07,81.0,10,78,1.01,CN
186,Mundgod,14.97,75.03,75.2,75,88,8.05,IN
187,Baykit,61.67,96.37,22.95,0,91,2.73,RU
188,Half Moon Bay,37.46,-122.43,57.2,90,93,3.36,US
189,Qaqortoq,60.72,-46.03,39.2,75,86,10.18,GL
190,Goundi,9.36,17.37,89.8,41,57,4.61,TD
191,Upernavik,72.79,-56.15,37.33,100,76,5.86,GL
192,Lompoc,34.64,-120.46,60.8,90,87,3.36,US
193,Kruisfontein,-34.0,24.73,59.0,44,69,5.99,ZA
194,Alta Floresta,-9.88,-56.09,83.21,100,49,4.27,BR
195,Petropavlovsk-Kamchatskiy,53.05,158.65,28.4,0,68,6.71,RU
196,Ulladulla,-35.35,150.47,59.0,90,100,4.7,AU
197,Kavaratti,10.57,72.64,82.22,87,77,18.39,IN
198,Sitka,57.05,-135.33,46.4,90,87,9.17,US
199,Bozdar Wada,27.18,68.64,91.4,0,46,2.57,PK
200,Faanui,-16.48,-151.75,78.6,74,80,17.05,PF
201,Hermanus,-34.42,19.23,68.0,98,48,7.0,ZA
202,Tete,-16.16,33.59,96.01,83,39,13.87,MZ
203,Boquira,-12.82,-42.73,101.95,4,23,4.56,BR
204,Mormugao,15.4,73.8,78.8,75,94,2.24,IN
205,Vanimo,-2.67,141.3,76.68,78,85,5.03,PG
206,Avera,33.19,-82.53,77.0,40,91,9.17,US
207,Qaanaaq,77.48,-69.36,31.89,3,84,7.25,GL
208,Trabzon Province,40.92,39.83,73.4,75,78,3.36,TR
209,Felipe Carrillo Puerto,19.58,-88.05,81.63,28,88,2.86,MX
210,Lorengau,-2.02,147.27,81.61,100,80,8.77,PG
211,Imbituba,-28.24,-48.67,68.0,0,60,8.05,BR
212,Dwārka,22.24,68.97,84.56,1,76,13.58,IN
213,Kassala,15.45,36.4,100.09,0,12,12.53,SD
214,Mossamedes,-15.2,12.15,73.4,20,64,17.22,AO
215,Pucallpa,-8.38,-74.55,92.77,0,41,3.11,PE
216,Rio do Sul,-27.21,-49.64,73.0,73,57,1.01,BR
217,Pirna,50.96,13.94,51.01,100,79,7.07,DE
218,Cumana,10.46,-64.18,93.2,2,59,9.17,VE
219,Camopi,3.17,-52.32,92.44,2,40,4.65,GF
220,Port Lincoln,-34.73,135.87,65.35,100,56,13.47,AU
221,Garoowe,8.41,48.48,89.13,60,32,6.69,SO
222,Taber,49.82,-112.15,46.0,75,52,18.34,CA
223,Freetown,8.48,-13.23,84.2,75,66,5.82,SL
224,Bahía Blanca,-38.72,-62.27,55.63,92,82,12.1,AR
225,Dikson,73.51,80.55,36.72,100,99,12.44,RU
226,Palmer,42.16,-72.33,55.99,40,58,13.87,US
227,Gualeguay,-33.14,-59.31,65.44,11,53,11.27,AR
228,Hargeisa,9.56,44.06,79.92,6,30,16.06,SO
229,Verkhnyaya Inta,65.98,60.31,45.9,97,84,16.37,RU
230,Ribeira Grande,38.52,-28.7,75.2,75,64,11.41,PT
231,Bambous Virieux,-20.34,57.76,77.0,40,88,8.05,MU
232,Codrington,-38.27,141.97,44.74,0,91,8.14,AU
233,Saint-Joseph,-21.37,55.62,77.0,19,78,9.17,RE
234,San Quintín,30.48,-115.95,67.24,97,83,10.29,MX
235,Hong Kong,22.29,114.16,82.0,25,78,11.74,HK
236,Kununurra,-15.77,128.73,86.0,4,25,9.17,AU
237,Manama,26.22,50.58,89.6,0,29,3.36,BH
238,Ancud,-41.87,-73.82,57.0,40,70,2.24,CL
239,Necochea,-38.55,-58.74,53.01,100,96,11.01,AR
240,Fram,-26.98,-55.88,78.8,0,36,5.82,PY
241,Piney Green,34.72,-77.32,71.6,90,94,5.82,US
242,Acapulco de Juárez,16.86,-99.89,77.0,90,94,4.7,MX
243,Salalah,17.02,54.09,84.2,0,62,11.41,OM
244,Yar-Sale,66.83,70.83,40.59,100,93,12.73,RU
245,Romny,50.75,33.47,64.31,100,66,8.37,UA
246,Turaif,31.67,38.66,91.4,0,15,12.75,SA
247,Tabou,4.42,-7.35,78.96,46,86,12.73,CI
248,Praia da Vitória,38.73,-27.07,69.01,75,88,16.31,PT
249,Coquimbo,-29.95,-71.34,53.6,90,93,6.93,CL
250,Gurupá,-1.41,-51.64,91.51,72,42,5.06,BR
251,Castro,-24.79,-50.01,66.16,4,61,7.81,BR
252,Coahuayana Viejo,18.73,-103.68,71.6,40,78,11.41,MX
253,Arrondissement de Beaune,47.08,4.75,51.8,84,76,9.17,FR
254,Prince Albert,53.2,-105.77,48.2,75,76,14.99,CA
255,Port Augusta,-32.5,137.77,60.8,4,67,6.06,AU
256,Karratha,-20.74,116.85,76.15,0,59,12.59,AU
257,Kazachinskoye,57.7,93.28,25.81,0,93,2.19,RU
258,Gorontalo,0.54,123.06,76.32,99,85,2.71,ID
259,Shizunai-furukawachō,42.33,142.37,56.35,87,80,12.95,JP
260,Nandu,22.85,110.82,71.56,0,75,2.73,CN
261,Rafina,38.02,24.01,80.6,20,36,11.41,GR
262,Virginia Beach,36.85,-75.98,70.0,100,99,5.7,US
263,Águas Formosas,-17.08,-40.94,71.71,100,85,6.46,BR
264,Hamilton,39.18,-84.53,66.99,90,88,4.7,US
265,Clyde River,70.47,-68.59,30.2,90,92,9.17,CA
266,Praia,14.92,-23.51,86.0,20,58,18.34,CV
267,Kwang Binh,17.48,106.6,76.96,100,85,20.96,VN
268,Mogadishu,2.04,45.34,84.2,20,66,11.41,SO
269,Leningradskiy,69.38,178.42,30.65,100,98,5.75,RU
270,Port Victoria,0.09,33.98,78.24,0,58,5.21,KE
271,Tilichiki,60.47,166.1,26.58,14,90,9.55,RU
272,Galle,6.04,80.22,80.71,100,82,15.95,LK
273,Kavieng,-2.57,150.8,82.08,97,80,12.5,PG
274,Macao,22.2,113.55,80.6,40,78,11.41,MO
275,Chilliwack,49.17,-121.94,50.0,100,83,2.75,CA
276,Vostok,46.49,135.88,44.76,100,88,6.35,RU
277,Douglas,41.3,-96.17,66.0,1,88,8.05,US
278,Nipawin,53.37,-104.0,55.4,1,58,11.41,CA
279,Saint George,37.1,-113.58,59.0,1,33,6.93,US
280,Trogir,43.51,16.25,69.8,75,64,13.87,HR
281,Saint-François,46.42,3.91,55.0,91,70,7.0,FR
282,Bud,39.45,-86.18,63.0,90,100,8.05,US
283,Baruun-Urt,46.68,113.28,29.43,0,73,9.15,MN
284,Xichang,27.9,102.26,65.82,96,73,3.58,CN
285,Hualmay,-11.1,-77.61,67.96,2,68,7.2,PE
286,Paita,-5.09,-81.11,68.68,59,76,10.38,PE
287,Te Anau,-45.42,167.72,48.13,99,90,2.28,NZ
288,Nikolskoye,59.7,30.79,55.4,75,87,4.47,RU
289,Asău,46.43,26.4,64.0,97,81,3.89,RO
290,Chu,43.6,73.76,46.0,0,64,4.0,KZ
291,Santa Engracia,41.94,-1.32,64.99,90,58,18.34,ES
292,Bathsheba,13.22,-59.52,86.0,40,74,13.87,BB
293,Daru,-9.08,143.21,78.12,33,84,14.45,PG
294,Bom Jardim,-7.8,-35.59,90.16,0,35,12.75,BR
295,Podyuga,61.09,40.86,51.01,100,96,3.09,RU
296,Cayenne,4.93,-52.33,89.6,20,55,9.17,GF
297,Tiarei,-17.53,-149.33,75.2,20,78,4.7,PF
298,Ojinaga,29.57,-104.42,66.2,1,25,4.7,MX
299,Townsville,-19.25,146.8,75.2,40,83,11.41,AU
300,Grindavik,63.84,-22.43,46.4,90,87,10.29,IS
301,Sambava,-14.27,50.17,78.15,43,87,7.54,MG
302,San Patricio,28.02,-97.52,80.01,20,94,9.17,US
303,Porbandar,21.64,69.61,86.25,54,63,14.85,IN
304,La Rioja,42.25,-2.5,55.99,75,62,11.41,ES
305,Sakaiminato,35.55,133.23,68.0,75,88,2.24,JP
306,Stornoway,58.21,-6.39,51.8,75,81,5.82,GB
307,Naryan-Mar,67.67,53.09,47.48,100,89,17.02,RU
308,Auki,-8.77,160.7,78.76,86,86,3.94,SB
309,Frontera,26.93,-101.45,75.99,5,37,3.65,MX
310,Miguelópolis,-20.18,-48.03,92.43,0,27,1.41,BR
311,Neuquén,-38.95,-68.06,57.2,0,47,8.05,AR
312,Manutuke,-38.68,177.92,53.01,62,70,4.0,NZ
313,Minot,48.23,-101.3,60.8,1,44,12.75,US
314,Cabedelo,-6.98,-34.83,86.0,40,55,6.93,BR
315,Antalaha,-14.9,50.28,77.68,7,90,6.62,MG
316,Rawson,-43.3,-65.1,62.89,0,30,11.21,AR
317,Berdigestyakh,62.1,126.7,25.41,100,86,5.35,RU
318,Gumdag,39.21,54.59,61.59,0,27,16.49,TM
319,Ginir,7.13,40.7,67.35,68,62,4.68,ET
320,Tombouctou,20.0,-3.0,100.83,12,15,13.62,ML
321,Coruripe,-10.13,-36.18,85.87,72,58,16.87,BR
322,Muroto-misakicho,33.28,134.15,74.25,12,74,5.66,JP
323,Port Blair,11.67,92.75,81.25,100,83,15.57,IN
324,Boende,-0.22,20.87,87.71,91,53,5.06,CD
325,Tsiroanomandidy,-18.77,46.03,79.43,55,56,9.57,MG
326,Khandyga,62.67,135.6,33.75,100,97,5.21,RU
327,Yerky,48.99,30.99,66.69,4,51,3.44,UA
328,Jvari,42.72,42.05,68.29,100,48,1.52,GE
329,Amazar,53.86,120.88,26.71,100,89,7.81,RU
330,Takaka,-40.85,172.8,57.0,80,93,7.0,NZ
331,Izhma,65.01,53.91,48.47,100,75,9.4,RU
332,Vilyuysk,63.76,121.62,22.6,0,95,3.31,RU
333,Mapiripán,2.89,-72.13,83.5,19,72,2.08,CO
334,Mehamn,71.04,27.85,43.16,100,88,15.35,NO
335,Broome,42.25,-75.83,53.01,1,75,8.05,US
336,Maués,-3.38,-57.72,96.21,85,35,3.42,BR
337,Seligenstadt,50.04,8.97,57.0,76,63,4.7,DE
338,Vermillion,42.78,-96.93,64.0,1,82,12.75,US
339,Srīperumbūdūr,12.97,79.95,86.0,75,66,2.24,IN
340,Bathurst,-33.42,149.58,45.0,25,88,1.01,AU
341,Laas,46.62,10.7,53.01,90,65,11.41,IT
342,Faya,18.39,42.45,80.6,20,9,6.93,SA
343,Chunoyar,57.45,97.32,21.7,10,95,3.76,RU
344,Shirvan,39.95,48.9,66.49,13,58,13.82,AZ
345,Touros,-5.2,-35.46,84.2,75,58,12.75,BR
346,Tocopilla,-22.09,-70.2,66.16,12,48,2.24,CL
347,Forsytheganj,52.63,29.73,59.29,100,72,4.29,BY
348,Ust'-Ilimsk,58.0,102.66,23.97,25,97,5.14,RU
349,Esfarāyen,37.08,57.51,60.8,0,4,2.24,IR
350,Jatāra,25.02,79.05,82.42,100,31,4.07,IN
351,Hervey Bay,-25.3,152.85,72.0,79,73,9.17,AU
352,Kalmunai,7.42,81.82,84.58,97,59,11.79,LK
353,Lesogorsk,56.05,99.51,23.97,0,96,7.18,RU
354,Adrar,20.5,-10.07,98.89,0,12,7.56,MR
355,Machalí,-34.18,-70.67,72.68,0,21,3.29,CL
356,Darnah,32.77,22.64,75.45,0,54,10.98,LY
357,Mahon,39.89,4.27,62.6,20,55,25.28,ES
358,Namatanai,-3.67,152.43,79.29,67,80,7.36,PG
359,Bubaque,11.28,-15.83,81.77,15,85,12.97,GW
360,Rabo de Peixe,37.8,-25.58,69.8,40,68,8.05,PT
361,Jiaojiang,28.68,121.44,63.88,1,87,4.0,CN
362,Linxia Chengguanzhen,35.6,103.21,45.34,100,70,1.05,CN
363,Pedra Azul,-16.01,-41.3,78.22,100,68,7.27,BR
364,Sibut,5.72,19.07,84.67,99,74,2.21,CF
365,Tumwater,47.01,-122.91,51.01,1,93,6.93,US
366,Ngunguru,-35.62,174.5,61.0,100,85,8.99,NZ
367,Nara,34.69,135.8,64.99,0,88,1.48,JP
368,Pecos,31.42,-103.49,55.4,1,28,7.83,US
369,Kutum,14.2,24.67,92.12,0,14,18.23,SD
370,Pevek,69.7,170.31,29.01,98,93,4.14,RU
371,Mildura,-34.2,142.15,55.4,0,58,3.36,AU
372,Margate,51.38,1.39,57.0,96,65,4.0,GB
373,Derzhavīnsk,51.1,66.32,50.02,29,54,8.03,KZ
374,Maceió,-9.67,-35.74,86.0,2,58,18.34,BR
375,Arrondissement de Saint-Malo,48.5,-1.83,59.0,75,67,16.11,FR
376,Pingliang,35.54,106.69,51.1,99,46,1.86,CN
377,Xinyu,27.8,114.93,67.28,1,78,3.36,CN
378,Imeni Poliny Osipenko,52.42,136.49,50.07,100,79,12.59,RU
379,Belmonte,-15.86,-38.88,75.2,90,88,6.93,BR
380,Umm Hājar,13.3,19.7,102.67,0,13,10.87,TD
381,Thinadhoo,0.53,72.93,83.01,31,77,13.53,MV
382,Santa Maria,-29.68,-53.81,72.07,0,47,2.42,BR
383,Dudinka,69.41,86.18,23.0,75,92,26.84,RU
384,Joshīmath,30.57,79.57,58.41,0,41,3.33,IN
385,Okitipupa,6.5,4.78,81.9,65,81,7.43,NG
386,Sokoni,-6.43,39.55,87.8,20,62,13.87,TZ
387,Warmbad,-28.45,18.73,76.1,0,16,7.0,NA
388,Provincia di Ancona,43.55,13.17,62.6,92,93,13.87,IT
389,Cockburn Town,21.46,-71.14,82.08,100,77,14.45,TC
390,Harrismith,-28.27,29.13,50.16,100,68,11.63,ZA
391,Novomykolayivka,47.98,35.91,66.0,75,88,4.47,UA
392,Richmond,37.55,-77.46,66.99,90,100,5.82,US
393,Scottsbluff,41.87,-103.67,70.0,1,27,10.29,US
394,Polyarny,69.2,33.45,46.4,75,93,4.47,RU
395,Mbuji-Mayi,-6.15,23.6,89.6,40,52,4.7,CD
396,Skotterud,59.98,12.13,53.01,100,87,3.36,NO
397,Mount Gambier,-37.83,140.77,48.2,29,93,5.82,AU
398,Anadyr,64.75,177.48,28.4,20,86,8.95,RU
399,Soria,41.67,-2.67,50.0,0,61,11.99,ES
400,Homer,59.64,-151.55,43.0,75,100,3.22,US
401,Cedar Rapids,42.01,-91.64,57.0,40,76,10.29,US
402,Kysyl-Syr,63.9,122.76,22.77,2,95,3.76,RU
403,Pisco,-13.7,-76.22,66.2,0,77,3.36,PE
404,Taoudenni,22.68,-3.98,106.79,0,7,8.08,ML
405,Harper,4.38,-7.72,79.38,56,85,13.11,LR
406,Concordia,-31.39,-58.02,70.0,19,49,10.29,AR
407,‘Āhuimanu,21.44,-157.84,78.8,75,78,5.82,US
408,Iquitos,-3.75,-73.25,84.2,21,74,2.24,PE
409,La Florida,1.3,-77.41,67.91,11,50,4.7,CO
410,Boa Vista,2.82,-60.67,86.0,40,62,9.17,BR
411,Phuket,8.0,98.25,78.01,75,100,17.22,TH
412,Troy,42.61,-83.15,54.0,75,81,8.05,US
413,Pimentel,-6.84,-79.93,60.8,90,87,6.93,PE
414,Port Hedland,-20.32,118.57,77.0,0,69,12.75,AU
415,Sungai Penuh,-2.08,101.38,65.75,100,94,1.03,ID
416,Podosinovets,60.28,47.07,50.9,100,91,3.94,RU
417,Isla Mujeres,21.23,-86.73,86.0,5,88,6.06,MX
418,Okhotsk,59.38,143.3,43.48,100,81,26.17,RU
419,Barranca,-10.75,-77.77,66.42,14,74,6.73,PE
420,Huarmey,-10.07,-78.15,68.58,0,68,7.52,PE
421,Serebryansk,49.69,83.29,39.2,90,93,11.18,KZ
422,Vikersund,59.97,9.99,55.99,43,67,3.78,NO
423,Sakakah,29.97,40.21,96.8,0,8,4.7,SA
424,Nanortalik,60.14,-45.24,39.22,100,84,7.96,GL
425,Kahului,20.89,-156.47,75.99,1,60,7.67,US
426,Guangyuan,32.44,105.82,51.01,23,95,11.01,CN
427,Plaridel,14.89,120.86,77.0,90,94,1.12,PH
428,Aykhal,66.0,111.5,4.62,66,93,3.0,RU
429,Nadym,65.53,72.52,36.86,100,95,13.09,RU
430,Paharpur,32.1,70.97,86.02,0,14,3.94,PK
431,Kungurtug,50.6,97.52,22.87,88,92,3.58,RU
432,Beringovskiy,63.05,179.32,30.76,98,97,18.14,RU
433,Walvis Bay,-22.96,14.51,66.2,9,52,12.75,NA
434,Seydi,39.48,62.91,57.24,0,32,9.95,TM
435,Sørland,67.67,12.69,50.0,75,81,16.11,NO
436,Saint-Augustin,51.23,-58.65,37.8,99,81,24.18,CA
437,Port Macquarie,-31.43,152.92,55.4,0,93,3.36,AU
438,Okato,-39.2,173.88,51.01,100,88,13.0,NZ
439,Sioux Lookout,50.1,-91.92,41.0,90,80,9.17,CA
440,Lata,40.16,-8.33,81.0,0,37,9.89,PT
441,Norman Wells,65.28,-126.83,30.2,75,92,2.24,CA
442,Makaha,21.47,-158.22,78.01,1,94,3.36,US
443,Leshukonskoye,64.9,45.76,46.96,100,87,7.49,RU
444,Milton,34.13,-84.3,70.0,100,100,1.01,US
445,Yulara,-25.24,130.99,71.6,2,15,6.93,AU
446,Lae,-6.72,146.98,74.88,88,75,1.43,PG
447,Pierre,44.37,-100.35,64.0,1,67,12.75,US
448,Rocha,-34.48,-54.33,64.49,20,61,15.17,UY
449,Lumby,50.25,-118.97,48.2,90,61,4.7,CA
450,Northam,51.03,-4.22,60.01,0,76,5.01,GB
451,Escárcega,18.61,-90.75,78.62,86,86,4.83,MX
452,Hwange,-18.37,26.5,91.11,55,28,4.32,ZW
453,Meulaboh,4.14,96.13,78.4,100,79,4.38,ID
454,San Rafael,-34.62,-68.33,62.56,0,28,10.18,AR
455,Guerrero Negro,27.98,-114.06,67.73,5,88,11.92,MX
456,The Valley,18.22,-63.06,87.8,40,83,13.87,AI
457,Tūkrah,32.53,20.58,75.33,97,52,9.42,LY
458,Bossangoa,6.49,17.46,88.79,90,59,4.5,CF
459,Tabory,58.52,64.55,44.08,1,93,4.54,RU
460,Vesele,47.01,34.91,69.93,68,60,10.51,UA
461,Esperance,-33.87,121.9,51.8,0,93,4.7,AU
462,Geraldton,-28.77,114.6,66.2,90,72,16.11,AU
463,Dubti,11.74,41.09,98.49,0,15,2.1,ET
464,Omboué,-1.57,9.26,80.38,99,72,12.73,GA
465,Klaksvík,62.23,-6.59,44.6,100,87,4.7,FO
466,Médéa,36.26,2.75,68.0,75,94,13.87,DZ
467,Diofior,14.18,-16.67,89.6,40,62,9.17,SN
468,Luganville,-15.53,167.17,79.14,20,83,12.84,VU
469,Wasilla,61.58,-149.44,39.0,90,86,3.36,US
470,Port Keats,-14.25,129.55,81.97,0,80,3.76,AU
471,Shitanjing,39.23,106.34,47.14,0,47,4.07,CN
472,Ormara,25.21,64.64,85.55,0,48,4.5,PK
473,Govlyar,40.95,45.73,68.0,40,49,9.17,AZ
474,Makakilo City,21.35,-158.09,78.8,1,78,7.61,US
475,Kondinskoye,59.65,67.41,46.38,81,89,6.91,RU
476,Dukat,62.55,155.55,22.15,41,79,5.01,RU
477,Lodja,-3.48,23.43,89.8,94,46,1.99,CD
478,Sola,-13.88,167.55,80.22,100,84,22.59,VU
479,Sivaki,52.63,126.75,34.0,100,96,15.97,RU
480,Karasjok,69.47,25.51,48.2,75,66,21.92,NO
481,Talaya,61.38,152.75,28.0,51,80,6.26,RU
482,Yilan,24.76,121.75,80.01,100,99,6.17,TW
483,San Carlos,9.66,-68.58,83.93,0,69,3.06,VE
484,Pacific Grove,36.62,-121.92,57.2,1,93,7.2,US
485,Vila Velha,-20.33,-40.29,75.2,75,64,13.87,BR
486,Christchurch,-43.53,172.63,57.2,0,62,9.17,NZ
487,Gaozhou,21.94,110.85,74.05,19,74,2.57,CN
488,Ila,63.43,10.37,52.0,100,75,1.01,NO
489,Ostrovnoy,68.05,39.51,46.2,16,85,11.05,RU
490,Oussouye,12.48,-16.55,89.6,75,70,4.7,SN
491,Casper,42.87,-106.31,57.2,75,41,38.03,US
492,Chumikan,54.72,135.31,48.22,100,88,20.15,RU
493,Verkhnyaya Syrovatka,50.83,34.96,63.34,98,62,9.6,UA
494,Jati,24.35,68.27,93.16,1,26,12.1,PK
495,Kikwit,-5.04,18.82,90.1,46,48,3.4,CD
496,Ahipara,-35.17,173.17,59.81,97,89,8.46,NZ
497,Bicester,51.9,-1.15,57.2,75,62,9.17,GB
498,Huanren,41.26,125.37,49.66,100,81,4.61,CN
499,Darhan,49.49,105.92,31.14,3,81,5.59,MN
